"Date","Time","Open","High","Low","Close","Up","Down"
01/03/2016,18:05,52.18,52.90,52.18,52.69,2790,1543
01/03/2016,18:10,52.70,52.70,52.57,52.63,263,372
01/03/2016,18:15,52.63,52.63,52.56,52.59,204,162
01/03/2016,18:20,52.58,52.65,52.50,52.57,253,258
01/03/2016,18:25,52.55,52.57,52.50,52.52,70,130
01/03/2016,18:30,52.52,52.58,52.50,52.51,124,240
01/03/2016,18:35,52.52,52.52,52.41,52.41,136,229
01/03/2016,18:40,52.41,52.45,52.40,52.44,114,77
01/03/2016,18:45,52.45,52.45,52.40,52.42,55,85
01/03/2016,18:50,52.42,52.43,52.36,52.37,128,173
01/03/2016,18:55,52.38,52.49,52.37,52.49,240,49
01/03/2016,19:00,52.49,52.56,52.48,52.52,162,113
01/03/2016,19:05,52.52,52.53,52.44,52.50,84,88
01/03/2016,19:10,52.49,52.51,52.46,52.48,77,98
01/03/2016,19:15,52.48,52.67,52.48,52.66,424,124
01/03/2016,19:20,52.66,52.66,52.56,52.57,116,161
01/03/2016,19:25,52.56,52.63,52.56,52.63,149,27
01/03/2016,19:30,52.62,52.65,52.60,52.63,91,75
01/03/2016,19:35,52.63,52.64,52.60,52.61,65,249
01/03/2016,19:40,52.61,52.61,52.57,52.58,50,86
01/03/2016,19:45,52.58,52.58,52.53,52.54,70,100
01/03/2016,19:50,52.53,52.57,52.53,52.54,73,52
01/03/2016,19:55,52.55,52.55,52.52,52.53,57,92
01/03/2016,20:00,52.53,52.54,52.51,52.54,60,85
01/03/2016,20:05,52.54,52.54,52.50,52.50,47,172
01/03/2016,20:10,52.49,52.50,52.42,52.47,120,327
01/03/2016,20:15,52.47,52.47,52.41,52.41,54,187
01/03/2016,20:20,52.41,52.44,52.40,52.41,148,142
01/03/2016,20:25,52.41,52.46,52.39,52.43,124,108
01/03/2016,20:30,52.43,52.47,52.42,52.43,75,111
01/03/2016,20:35,52.43,52.45,52.40,52.40,35,122
01/03/2016,20:40,52.40,52.40,52.38,52.39,56,133
01/03/2016,20:45,52.39,52.39,52.37,52.38,60,35
01/03/2016,20:50,52.37,52.37,52.26,52.31,247,605
01/03/2016,20:55,52.31,52.33,52.29,52.30,122,110
01/03/2016,21:00,52.30,52.31,52.27,52.30,175,153
01/03/2016,21:05,52.30,52.30,52.21,52.21,59,266
01/03/2016,21:10,52.22,52.24,52.11,52.19,315,593
01/03/2016,21:15,52.18,52.20,52.08,52.11,182,363
01/03/2016,21:20,52.10,52.18,52.05,52.17,265,212
01/03/2016,21:25,52.16,52.18,52.10,52.11,78,147
01/03/2016,21:30,52.11,52.18,52.09,52.11,195,150
01/03/2016,21:35,52.11,52.18,52.10,52.16,158,44
01/03/2016,21:40,52.17,52.22,52.14,52.21,214,143
01/03/2016,21:45,52.21,52.26,52.20,52.23,249,267
01/03/2016,21:50,52.23,52.27,52.22,52.26,102,103
01/03/2016,21:55,52.25,52.26,52.22,52.24,37,120
01/03/2016,22:00,52.23,52.27,52.21,52.26,131,68
01/03/2016,22:05,52.25,52.28,52.23,52.28,142,96
01/03/2016,22:10,52.27,52.43,52.27,52.35,550,232
01/03/2016,22:15,52.35,52.36,52.32,52.34,101,154
01/03/2016,22:20,52.35,52.38,52.32,52.37,186,133
01/03/2016,22:25,52.37,52.46,52.34,52.45,199,58
01/03/2016,22:30,52.45,52.46,52.38,52.40,103,121
01/03/2016,22:35,52.40,52.41,52.37,52.37,23,48
01/03/2016,22:40,52.38,52.40,52.34,52.36,110,94
01/03/2016,22:45,52.36,52.39,52.32,52.37,119,88
01/03/2016,22:50,52.36,52.41,52.35,52.41,97,19
01/03/2016,22:55,52.40,52.40,52.39,52.39,11,41
01/03/2016,23:00,52.39,52.40,52.37,52.40,37,25
01/03/2016,23:05,52.40,52.40,52.38,52.40,29,32
01/03/2016,23:10,52.41,52.46,52.41,52.45,140,89
01/03/2016,23:15,52.44,52.44,52.40,52.41,38,81
01/03/2016,23:20,52.41,52.42,52.34,52.36,87,141
01/03/2016,23:25,52.36,52.38,52.36,52.36,64,39
01/03/2016,23:30,52.36,52.36,52.29,52.30,111,204
01/03/2016,23:35,52.30,52.35,52.30,52.34,89,48
01/03/2016,23:40,52.35,52.37,52.33,52.34,53,54
01/03/2016,23:45,52.34,52.37,52.34,52.36,51,13
01/03/2016,23:50,52.36,52.41,52.35,52.40,167,99
01/03/2016,23:55,52.39,52.43,52.39,52.41,105,68
01/04/2016,00:00,52.42,52.42,52.38,52.39,33,53
01/04/2016,00:05,52.39,52.41,52.37,52.41,43,39
01/04/2016,00:10,52.42,52.42,52.39,52.40,14,42
01/04/2016,00:15,52.39,52.40,52.37,52.39,22,48
01/04/2016,00:20,52.39,52.40,52.39,52.39,21,24
01/04/2016,00:25,52.38,52.40,52.38,52.39,43,12
01/04/2016,00:30,52.39,52.41,52.39,52.41,48,25
01/04/2016,00:35,52.40,52.43,52.38,52.41,120,71
01/04/2016,00:40,52.42,52.43,52.38,52.38,32,82
01/04/2016,00:45,52.39,52.40,52.37,52.38,54,32
01/04/2016,00:50,52.39,52.40,52.38,52.40,29,69
01/04/2016,00:55,52.39,52.40,52.39,52.39,19,35
01/04/2016,01:00,52.39,52.40,52.36,52.37,52,69
01/04/2016,01:05,52.36,52.38,52.35,52.37,56,116
01/04/2016,01:10,52.38,52.44,52.38,52.40,183,91
01/04/2016,01:15,52.40,52.41,52.30,52.30,99,285
01/04/2016,01:20,52.30,52.31,52.23,52.24,107,309
01/04/2016,01:25,52.24,52.26,52.20,52.26,161,147
01/04/2016,01:30,52.26,52.31,52.24,52.26,165,121
01/04/2016,01:35,52.26,52.27,52.25,52.27,18,36
01/04/2016,01:40,52.27,52.28,52.22,52.22,56,124
01/04/2016,01:45,52.22,52.25,52.22,52.24,46,41
01/04/2016,01:50,52.23,52.25,52.21,52.21,19,107
01/04/2016,01:55,52.21,52.27,52.20,52.25,61,89
01/04/2016,02:00,52.25,52.26,52.22,52.22,8,65
01/04/2016,02:05,52.21,52.22,52.09,52.10,270,653
01/04/2016,02:10,52.10,52.14,52.05,52.11,363,384
01/04/2016,02:15,52.12,52.13,52.08,52.13,182,180
01/04/2016,02:20,52.12,52.14,52.09,52.11,167,172
01/04/2016,02:25,52.11,52.12,51.96,51.97,198,515
01/04/2016,02:30,51.97,52.00,51.93,51.95,391,430
01/04/2016,02:35,51.95,51.95,51.83,51.87,446,948
01/04/2016,02:40,51.88,51.94,51.85,51.85,309,321
01/04/2016,02:45,51.85,51.91,51.84,51.87,189,188
01/04/2016,02:50,51.88,51.95,51.86,51.93,265,136
01/04/2016,02:55,51.93,52.03,51.92,51.99,384,208
01/04/2016,03:00,51.99,52.02,51.94,51.96,143,230
01/04/2016,03:05,51.96,52.02,51.90,51.96,435,459
01/04/2016,03:10,51.95,51.96,51.88,51.90,270,334
01/04/2016,03:15,51.89,51.92,51.84,51.86,277,401
01/04/2016,03:20,51.86,51.89,51.75,51.80,866,1283
01/04/2016,03:25,51.79,51.83,51.72,51.76,436,521
01/04/2016,03:30,51.77,51.78,51.66,51.68,723,909
01/04/2016,03:35,51.69,51.77,51.69,51.76,575,363
01/04/2016,03:40,51.75,51.77,51.70,51.76,451,546
01/04/2016,03:45,51.75,51.77,51.64,51.66,479,749
01/04/2016,03:50,51.66,51.68,51.55,51.55,471,1008
01/04/2016,03:55,51.56,51.57,51.38,51.57,1086,1120
01/04/2016,04:00,51.57,51.57,51.48,51.53,302,380
01/04/2016,04:05,51.53,51.56,51.49,51.53,297,187
01/04/2016,04:10,51.52,51.52,51.44,51.47,228,374
01/04/2016,04:15,51.48,51.52,51.47,51.50,291,198
01/04/2016,04:20,51.49,51.54,51.42,51.52,758,487
01/04/2016,04:25,51.53,51.61,51.53,51.58,411,319
01/04/2016,04:30,51.57,51.72,51.56,51.69,738,424
01/04/2016,04:35,51.69,51.79,51.66,51.75,706,656
01/04/2016,04:40,51.75,51.87,51.74,51.85,1274,802
01/04/2016,04:45,51.84,51.87,51.78,51.82,494,601
01/04/2016,04:50,51.81,51.82,51.74,51.78,391,491
01/04/2016,04:55,51.78,51.78,51.69,51.74,362,482
01/04/2016,05:00,51.74,51.79,51.73,51.77,204,220
01/04/2016,05:05,51.77,51.78,51.68,51.70,283,300
01/04/2016,05:10,51.70,51.78,51.68,51.78,271,252
01/04/2016,05:15,51.77,51.91,51.77,51.90,785,333
01/04/2016,05:20,51.90,51.97,51.90,51.96,938,649
01/04/2016,05:25,51.97,52.02,51.92,51.96,544,749
01/04/2016,05:30,51.95,52.00,51.94,51.97,412,246
01/04/2016,05:35,51.97,51.98,51.91,51.96,269,405
01/04/2016,05:40,51.96,51.98,51.90,51.92,290,324
01/04/2016,05:45,51.92,52.10,51.92,52.06,864,395
01/04/2016,05:50,52.06,52.09,52.01,52.02,324,451
01/04/2016,05:55,52.02,52.08,51.94,51.97,381,464
01/04/2016,06:00,51.98,52.04,51.97,52.00,631,466
01/04/2016,06:05,52.00,52.02,51.97,52.00,269,242
01/04/2016,06:10,52.01,52.17,51.97,52.14,1031,434
01/04/2016,06:15,52.15,52.19,52.08,52.10,656,788
01/04/2016,06:20,52.10,52.17,52.08,52.15,539,465
01/04/2016,06:25,52.16,52.20,52.14,52.15,334,367
01/04/2016,06:30,52.15,52.16,52.06,52.08,293,471
01/04/2016,06:35,52.07,52.11,52.00,52.05,639,760
01/04/2016,06:40,52.04,52.07,51.83,51.87,705,1040
01/04/2016,06:45,51.87,51.88,51.73,51.78,573,736
01/04/2016,06:50,51.78,51.85,51.76,51.80,634,561
01/04/2016,06:55,51.79,51.85,51.77,51.79,288,451
01/04/2016,07:00,51.79,51.96,51.78,51.86,980,828
01/04/2016,07:05,51.86,51.99,51.81,51.91,837,620
01/04/2016,07:10,51.90,51.93,51.86,51.86,225,288
01/04/2016,07:15,51.86,51.92,51.85,51.92,378,170
01/04/2016,07:20,51.92,51.92,51.78,51.84,521,605
01/04/2016,07:25,51.85,51.89,51.78,51.89,441,378
01/04/2016,07:30,51.89,51.93,51.85,51.85,313,628
01/04/2016,07:35,51.84,51.95,51.84,51.90,782,666
01/04/2016,07:40,51.90,51.98,51.90,51.92,529,339
01/04/2016,07:45,51.92,52.07,51.91,52.06,942,551
01/04/2016,07:50,52.05,52.06,51.98,52.03,790,483
01/04/2016,07:55,52.03,52.09,52.01,52.04,583,432
01/04/2016,08:00,52.04,52.04,51.95,51.99,340,451
01/04/2016,08:05,51.99,52.11,51.93,52.02,1209,1479
01/04/2016,08:10,52.03,52.09,51.98,51.99,910,892
01/04/2016,08:15,52.01,52.05,51.96,52.03,476,385
01/04/2016,08:20,52.03,52.04,51.97,51.97,211,335
01/04/2016,08:25,51.98,52.15,51.98,52.13,1016,596
01/04/2016,08:30,52.14,52.33,52.14,52.30,2823,1799
01/04/2016,08:35,52.30,52.35,52.22,52.34,1143,886
01/04/2016,08:40,52.35,52.36,52.22,52.27,854,882
01/04/2016,08:45,52.26,52.28,52.15,52.17,916,1065
01/04/2016,08:50,52.17,52.26,52.16,52.16,772,722
01/04/2016,08:55,52.15,52.23,52.14,52.22,722,676
01/04/2016,09:00,52.22,52.29,52.15,52.15,1293,1622
01/04/2016,09:05,52.15,52.32,52.09,52.12,2063,2431
01/04/2016,09:10,52.13,52.18,52.02,52.08,1631,1515
01/04/2016,09:15,52.07,52.14,52.05,52.13,950,385
01/04/2016,09:20,52.13,52.29,52.13,52.26,1318,935
01/04/2016,09:25,52.26,52.45,52.26,52.41,2783,2023
01/04/2016,09:30,52.40,52.41,52.35,52.40,1009,845
01/04/2016,09:35,52.40,52.43,52.26,52.28,1458,2476
01/04/2016,09:40,52.29,52.62,52.28,52.52,4093,2787
01/04/2016,09:45,52.51,52.57,52.46,52.49,1300,1597
01/04/2016,09:50,52.50,52.79,52.46,52.67,4634,3333
01/04/2016,09:55,52.67,52.97,52.66,52.85,5933,4314
01/04/2016,10:00,52.85,52.88,52.74,52.84,1463,1553
01/04/2016,10:05,52.82,52.92,52.67,52.75,3017,3418
01/04/2016,10:10,52.75,52.84,52.65,52.80,2222,2307
01/04/2016,10:15,52.79,52.85,52.72,52.75,1651,1473
01/04/2016,10:20,52.74,52.82,52.74,52.78,1402,1606
01/04/2016,10:25,52.77,52.83,52.63,52.66,1620,2283
01/04/2016,10:30,52.66,52.70,52.43,52.45,2311,3077
01/04/2016,10:35,52.45,52.48,52.35,52.44,2045,2092
01/04/2016,10:40,52.44,52.44,52.33,52.35,992,1447
01/04/2016,10:45,52.34,52.34,52.13,52.23,2613,3259
01/04/2016,10:50,52.24,52.24,51.96,52.01,2663,3283
01/04/2016,10:55,52.00,52.03,51.81,51.90,2957,3716
01/04/2016,11:00,51.89,51.90,51.54,51.57,2770,4649
01/04/2016,11:05,51.56,51.62,51.46,51.59,3484,3592
01/04/2016,11:10,51.58,51.59,51.21,51.31,4561,5749
01/04/2016,11:15,51.31,51.40,51.26,51.37,2415,1571
01/04/2016,11:20,51.37,51.38,51.21,51.25,1956,2300
01/04/2016,11:25,51.25,51.27,51.14,51.17,1962,2308
01/04/2016,11:30,51.17,51.20,50.91,51.06,5182,5505
01/04/2016,11:35,51.06,51.25,51.06,51.22,2691,1876
01/04/2016,11:40,51.22,51.22,51.11,51.12,1443,1578
01/04/2016,11:45,51.11,51.13,51.06,51.07,923,1171
01/04/2016,11:50,51.06,51.11,50.99,51.10,1157,1163
01/04/2016,11:55,51.10,51.23,51.10,51.19,1279,830
01/04/2016,12:00,51.18,51.26,51.16,51.20,1057,846
01/04/2016,12:05,51.21,51.26,51.17,51.22,762,677
01/04/2016,12:10,51.22,51.25,51.14,51.15,594,712
01/04/2016,12:15,51.14,51.18,51.11,51.16,654,554
01/04/2016,12:20,51.15,51.16,51.06,51.09,574,652
01/04/2016,12:25,51.09,51.13,51.07,51.12,617,504
01/04/2016,12:30,51.12,51.15,51.10,51.10,579,457
01/04/2016,12:35,51.10,51.17,51.09,51.14,777,499
01/04/2016,12:40,51.13,51.21,51.12,51.21,968,735
01/04/2016,12:45,51.21,51.23,51.18,51.22,554,384
01/04/2016,12:50,51.21,51.36,51.21,51.27,2431,1833
01/04/2016,12:55,51.27,51.28,51.21,51.27,887,839
01/04/2016,13:00,51.28,51.32,51.23,51.28,718,617
01/04/2016,13:05,51.29,51.34,51.27,51.34,721,322
01/04/2016,13:10,51.34,51.50,51.33,51.44,2539,1883
01/04/2016,13:15,51.43,51.47,51.40,51.41,591,620
01/04/2016,13:20,51.41,51.46,51.34,51.41,1482,1269
01/04/2016,13:25,51.41,51.44,51.27,51.29,1059,1427
01/04/2016,13:30,51.29,51.33,51.26,51.28,694,812
01/04/2016,13:35,51.28,51.35,51.27,51.32,871,732
01/04/2016,13:40,51.31,51.36,51.28,51.32,477,519
01/04/2016,13:45,51.33,51.37,51.19,51.22,1271,1496
01/04/2016,13:50,51.21,51.34,51.15,51.32,1522,1501
01/04/2016,13:55,51.32,51.41,51.31,51.34,926,802
01/04/2016,14:00,51.34,51.40,51.32,51.33,625,532
01/04/2016,14:05,51.34,51.36,51.30,51.34,654,482
01/04/2016,14:10,51.33,51.33,51.25,51.32,569,605
01/04/2016,14:15,51.32,51.32,51.18,51.22,812,1210
01/04/2016,14:20,51.23,51.27,51.18,51.20,1369,1785
01/04/2016,14:25,51.20,51.25,51.10,51.22,1547,1808
01/04/2016,14:30,51.22,51.41,51.11,51.39,4856,4137
01/04/2016,14:35,51.38,51.40,51.30,51.32,936,1430
01/04/2016,14:40,51.31,51.36,51.31,51.33,360,296
01/04/2016,14:45,51.34,51.36,51.31,51.34,379,234
01/04/2016,14:50,51.34,51.35,51.32,51.34,453,292
01/04/2016,14:55,51.33,51.35,51.29,51.30,276,255
01/04/2016,15:00,51.30,51.34,51.30,51.31,206,314
01/04/2016,15:05,51.32,51.34,51.29,51.31,194,156
01/04/2016,15:10,51.31,51.32,51.28,51.31,164,266
01/04/2016,15:15,51.31,51.35,51.29,51.35,484,243
01/04/2016,15:20,51.35,51.37,51.32,51.33,207,206
01/04/2016,15:25,51.33,51.33,51.31,51.32,65,115
01/04/2016,15:30,51.32,51.33,51.31,51.32,43,33
01/04/2016,15:35,51.32,51.35,51.32,51.34,159,178
01/04/2016,15:40,51.34,51.34,51.32,51.33,41,87
01/04/2016,15:45,51.32,51.36,51.31,51.35,223,75
01/04/2016,15:50,51.36,51.41,51.35,51.41,548,127
01/04/2016,15:55,51.40,51.44,51.40,51.42,316,177
01/04/2016,16:00,51.42,51.47,51.42,51.47,191,64
01/04/2016,16:05,51.47,51.48,51.44,51.44,227,172
01/04/2016,16:10,51.44,51.52,51.43,51.50,374,97
01/04/2016,16:15,51.49,51.53,51.49,51.51,72,54
01/04/2016,16:20,51.51,51.51,51.48,51.48,11,64
01/04/2016,16:25,51.48,51.51,51.46,51.51,71,60
01/04/2016,16:30,51.50,51.53,51.47,51.50,64,61
01/04/2016,16:35,51.50,51.55,51.50,51.50,127,75
01/04/2016,16:40,51.50,51.51,51.49,51.49,5,22
01/04/2016,16:45,51.48,51.49,51.46,51.47,17,54
01/04/2016,16:50,51.46,51.48,51.45,51.47,31,24
01/04/2016,16:55,51.46,51.49,51.45,51.48,48,23
01/04/2016,17:00,51.48,51.49,51.45,51.46,52,123
01/04/2016,18:05,51.48,51.51,51.45,51.48,98,68
01/04/2016,18:10,51.48,51.48,51.45,51.46,15,29
01/04/2016,18:15,51.47,51.47,51.41,51.45,85,121
01/04/2016,18:20,51.44,51.49,51.40,51.47,135,183
01/04/2016,18:25,51.47,51.47,51.39,51.39,16,121
01/04/2016,18:30,51.39,51.39,51.36,51.39,35,48
01/04/2016,18:35,51.40,51.45,51.39,51.43,56,59
01/04/2016,18:40,51.42,51.44,51.40,51.41,35,58
01/04/2016,18:45,51.41,51.43,51.40,51.41,23,45
01/04/2016,18:50,51.41,51.45,51.40,51.44,68,14
01/04/2016,18:55,51.45,51.45,51.43,51.45,11,18
01/04/2016,19:00,51.45,51.46,51.45,51.46,15,14
01/04/2016,19:05,51.46,51.49,51.45,51.48,69,40
01/04/2016,19:10,51.49,51.49,51.48,51.49,9,24
01/04/2016,19:15,51.48,51.49,51.47,51.48,23,18
01/04/2016,19:20,51.48,51.49,51.47,51.48,10,38
01/04/2016,19:25,51.48,51.48,51.46,51.47,12,25
01/04/2016,19:30,51.47,51.48,51.46,51.47,33,15
01/04/2016,19:35,51.48,51.48,51.47,51.48,13,10
01/04/2016,19:40,51.47,51.49,51.47,51.49,31,5
01/04/2016,19:45,51.49,51.49,51.48,51.48,18,15
01/04/2016,19:50,51.49,51.49,51.43,51.46,15,127
01/04/2016,19:55,51.46,51.46,51.44,51.45,13,30
01/04/2016,20:00,51.45,51.45,51.44,51.44,9,17
01/04/2016,20:05,51.44,51.45,51.38,51.42,114,213
01/04/2016,20:10,51.42,51.46,51.41,51.45,41,99
01/04/2016,20:15,51.45,51.46,51.44,51.45,36,58
01/04/2016,20:20,51.45,51.45,51.43,51.44,63,32
01/04/2016,20:25,51.45,51.45,51.44,51.45,25,25
01/04/2016,20:30,51.45,51.46,51.44,51.46,83,56
01/04/2016,20:35,51.46,51.57,51.45,51.57,416,120
01/04/2016,20:40,51.57,51.61,51.55,51.59,233,172
01/04/2016,20:45,51.60,51.60,51.54,51.60,172,121
01/04/2016,20:50,51.60,51.66,51.58,51.64,205,187
01/04/2016,20:55,51.65,51.66,51.62,51.62,137,130
01/04/2016,21:00,51.62,51.65,51.61,51.64,95,59
01/04/2016,21:05,51.65,51.65,51.61,51.61,69,68
01/04/2016,21:10,51.61,51.62,51.58,51.59,48,75
01/04/2016,21:15,51.59,51.61,51.57,51.57,40,192
01/04/2016,21:20,51.58,51.59,51.52,51.54,39,90
01/04/2016,21:25,51.54,51.55,51.53,51.55,38,32
01/04/2016,21:30,51.55,51.58,51.54,51.58,56,21
01/04/2016,21:35,51.58,51.62,51.57,51.62,117,59
01/04/2016,21:40,51.62,51.62,51.58,51.58,25,53
01/04/2016,21:45,51.58,51.59,51.56,51.57,24,22
01/04/2016,21:50,51.57,51.58,51.56,51.56,35,16
01/04/2016,21:55,51.56,51.59,51.55,51.59,68,16
01/04/2016,22:00,51.60,51.62,51.59,51.62,121,25
01/04/2016,22:05,51.63,51.66,51.61,51.65,139,68
01/04/2016,22:10,51.65,51.68,51.65,51.67,107,79
01/04/2016,22:15,51.67,51.68,51.65,51.66,31,69
01/04/2016,22:20,51.66,51.66,51.64,51.64,12,38
01/04/2016,22:25,51.64,51.65,51.64,51.64,9,31
01/04/2016,22:30,51.65,51.66,51.64,51.65,22,35
01/04/2016,22:35,51.65,51.66,51.64,51.65,9,22
01/04/2016,22:40,51.65,51.65,51.64,51.64,16,13
01/04/2016,22:45,51.64,51.64,51.61,51.62,19,70
01/04/2016,22:50,51.62,51.63,51.57,51.58,24,179
01/04/2016,22:55,51.57,51.58,51.55,51.56,57,68
01/04/2016,23:00,51.56,51.56,51.54,51.54,29,64
01/04/2016,23:05,51.55,51.57,51.54,51.57,39,33
01/04/2016,23:10,51.57,51.59,51.57,51.59,37,10
01/04/2016,23:15,51.58,51.60,51.58,51.60,22,6
01/04/2016,23:20,51.59,51.60,51.59,51.60,50,23
01/04/2016,23:25,51.60,51.60,51.56,51.56,3,22
01/04/2016,23:30,51.57,51.58,51.56,51.58,36,2
01/04/2016,23:35,51.57,51.61,51.56,51.60,101,38
01/04/2016,23:40,51.60,51.63,51.60,51.61,97,93
01/04/2016,23:45,51.61,51.62,51.61,51.62,5,31
01/04/2016,23:50,51.62,51.62,51.61,51.62,20,30
01/04/2016,23:55,51.62,51.63,51.61,51.63,71,32
01/05/2016,00:00,51.64,51.65,51.63,51.63,48,15
01/05/2016,00:05,51.64,51.65,51.60,51.62,11,54
01/05/2016,00:10,51.62,51.65,51.62,51.65,54,6
01/05/2016,00:15,51.65,51.65,51.61,51.62,12,55
01/05/2016,00:20,51.62,51.62,51.57,51.57,28,47
01/05/2016,00:25,51.57,51.59,51.54,51.55,57,111
01/05/2016,00:30,51.56,51.56,51.51,51.51,67,123
01/05/2016,00:35,51.51,51.51,51.45,51.45,161,288
01/05/2016,00:40,51.45,51.47,51.44,51.47,120,89
01/05/2016,00:45,51.47,51.47,51.45,51.46,132,56
01/05/2016,00:50,51.46,51.51,51.45,51.47,242,133
01/05/2016,00:55,51.47,51.48,51.44,51.45,33,125
01/05/2016,01:00,51.44,51.45,51.41,51.44,77,167
01/05/2016,01:05,51.44,51.49,51.44,51.46,124,62
01/05/2016,01:10,51.46,51.47,51.42,51.43,30,79
01/05/2016,01:15,51.43,51.44,51.39,51.40,176,227
01/05/2016,01:20,51.39,51.44,51.39,51.40,160,88
01/05/2016,01:25,51.40,51.41,51.36,51.40,142,226
01/05/2016,01:30,51.40,51.45,51.40,51.44,123,63
01/05/2016,01:35,51.43,51.44,51.39,51.41,57,138
01/05/2016,01:40,51.42,51.49,51.42,51.47,113,33
01/05/2016,01:45,51.46,51.47,51.42,51.44,53,84
01/05/2016,01:50,51.44,51.46,51.42,51.46,54,27
01/05/2016,01:55,51.46,51.48,51.45,51.46,43,37
01/05/2016,02:00,51.46,51.47,51.43,51.44,39,82
01/05/2016,02:05,51.44,51.48,51.43,51.47,66,67
01/05/2016,02:10,51.48,51.56,51.47,51.52,283,131
01/05/2016,02:15,51.52,51.53,51.47,51.48,79,124
01/05/2016,02:20,51.48,51.50,51.45,51.46,78,117
01/05/2016,02:25,51.46,51.49,51.34,51.37,372,525
01/05/2016,02:30,51.36,51.42,51.33,51.36,362,341
01/05/2016,02:35,51.36,51.40,51.35,51.38,173,219
01/05/2016,02:40,51.38,51.44,51.37,51.40,217,224
01/05/2016,02:45,51.40,51.45,51.39,51.40,182,143
01/05/2016,02:50,51.40,51.42,51.35,51.35,114,207
01/05/2016,02:55,51.35,51.39,51.34,51.35,74,115
01/05/2016,03:00,51.36,51.39,51.30,51.33,218,250
01/05/2016,03:05,51.34,51.35,51.27,51.31,177,590
01/05/2016,03:10,51.31,51.35,51.30,51.32,184,146
01/05/2016,03:15,51.32,51.33,51.23,51.26,281,459
01/05/2016,03:20,51.26,51.30,51.21,51.22,450,531
01/05/2016,03:25,51.23,51.26,51.17,51.22,493,743
01/05/2016,03:30,51.21,51.30,51.12,51.28,1122,855
01/05/2016,03:35,51.27,51.33,51.23,51.29,462,721
01/05/2016,03:40,51.28,51.34,51.24,51.24,217,339
01/05/2016,03:45,51.25,51.26,51.21,51.23,182,259
01/05/2016,03:50,51.23,51.25,51.16,51.18,183,501
01/05/2016,03:55,51.19,51.22,51.17,51.20,159,169
01/05/2016,04:00,51.20,51.27,51.19,51.25,208,190
01/05/2016,04:05,51.25,51.29,51.21,51.23,283,397
01/05/2016,04:10,51.22,51.27,51.22,51.27,189,158
01/05/2016,04:15,51.27,51.38,51.26,51.31,506,370
01/05/2016,04:20,51.31,51.40,51.31,51.39,239,172
01/05/2016,04:25,51.39,51.39,51.35,51.37,206,224
01/05/2016,04:30,51.37,51.37,51.29,51.30,144,191
01/05/2016,04:35,51.30,51.40,51.29,51.39,223,154
01/05/2016,04:40,51.39,51.42,51.37,51.38,175,108
01/05/2016,04:45,51.37,51.46,51.36,51.42,330,188
01/05/2016,04:50,51.43,51.50,51.42,51.49,467,599
01/05/2016,04:55,51.48,51.51,51.44,51.46,211,262
01/05/2016,05:00,51.46,51.46,51.41,51.42,150,185
01/05/2016,05:05,51.43,51.44,51.30,51.33,320,682
01/05/2016,05:10,51.33,51.33,51.27,51.30,433,260
01/05/2016,05:15,51.30,51.30,51.19,51.22,230,449
01/05/2016,05:20,51.21,51.22,51.16,51.19,288,310
01/05/2016,05:25,51.19,51.29,51.16,51.23,481,381
01/05/2016,05:30,51.24,51.25,51.17,51.21,227,243
01/05/2016,05:35,51.20,51.21,51.16,51.19,230,274
01/05/2016,05:40,51.19,51.23,51.18,51.23,132,61
01/05/2016,05:45,51.22,51.29,51.22,51.28,398,145
01/05/2016,05:50,51.27,51.33,51.25,51.31,359,243
01/05/2016,05:55,51.31,51.36,51.23,51.33,500,532
01/05/2016,06:00,51.32,51.32,51.26,51.26,148,208
01/05/2016,06:05,51.26,51.27,51.20,51.24,293,352
01/05/2016,06:10,51.24,51.33,51.24,51.31,333,199
01/05/2016,06:15,51.31,51.31,51.26,51.27,48,157
01/05/2016,06:20,51.26,51.33,51.26,51.31,184,122
01/05/2016,06:25,51.31,51.32,51.27,51.28,58,165
01/05/2016,06:30,51.29,51.32,51.24,51.26,141,318
01/05/2016,06:35,51.27,51.30,51.25,51.30,294,236
01/05/2016,06:40,51.30,51.44,51.23,51.37,1204,858
01/05/2016,06:45,51.37,51.40,51.33,51.39,291,268
01/05/2016,06:50,51.39,51.41,51.33,51.34,226,277
01/05/2016,06:55,51.35,51.37,51.32,51.32,93,266
01/05/2016,07:00,51.31,51.33,51.29,51.31,144,172
01/05/2016,07:05,51.32,51.34,51.28,51.30,187,258
01/05/2016,07:10,51.29,51.30,51.21,51.21,487,627
01/05/2016,07:15,51.22,51.23,51.09,51.09,729,1198
01/05/2016,07:20,51.09,51.13,51.04,51.10,753,933
01/05/2016,07:25,51.10,51.15,51.07,51.13,436,559
01/05/2016,07:30,51.12,51.15,51.08,51.09,251,522
01/05/2016,07:35,51.09,51.13,51.07,51.10,400,310
01/05/2016,07:40,51.09,51.23,51.09,51.18,739,569
01/05/2016,07:45,51.17,51.23,51.17,51.21,250,222
01/05/2016,07:50,51.22,51.23,51.11,51.13,329,415
01/05/2016,07:55,51.12,51.21,51.12,51.20,357,338
01/05/2016,08:00,51.20,51.21,51.17,51.18,181,222
01/05/2016,08:05,51.18,51.32,51.17,51.27,1199,942
01/05/2016,08:10,51.28,51.35,51.25,51.33,1212,585
01/05/2016,08:15,51.33,51.36,51.24,51.24,516,808
01/05/2016,08:20,51.23,51.38,51.23,51.35,980,789
01/05/2016,08:25,51.35,51.36,51.26,51.31,421,665
01/05/2016,08:30,51.31,51.45,51.31,51.36,1047,870
01/05/2016,08:35,51.35,51.38,51.28,51.38,868,652
01/05/2016,08:40,51.38,51.58,51.28,51.52,2432,1740
01/05/2016,08:45,51.51,51.53,51.39,51.42,855,1500
01/05/2016,08:50,51.42,51.47,51.35,51.35,619,929
01/05/2016,08:55,51.36,51.46,51.29,51.44,1348,1023
01/05/2016,09:00,51.45,51.45,51.36,51.37,559,805
01/05/2016,09:05,51.37,51.41,50.92,50.98,4351,6416
01/05/2016,09:10,50.97,51.01,50.84,50.98,2639,2982
01/05/2016,09:15,50.99,51.09,50.95,51.02,2044,1610
01/05/2016,09:20,51.02,51.05,50.71,50.85,3198,4984
01/05/2016,09:25,50.86,50.90,50.76,50.88,2057,1790
01/05/2016,09:30,50.89,50.95,50.80,50.80,1249,1480
01/05/2016,09:35,50.80,51.11,50.76,50.93,3761,2890
01/05/2016,09:40,50.92,51.04,50.91,50.96,1476,1168
01/05/2016,09:45,50.96,51.05,50.91,51.01,1168,1084
01/05/2016,09:50,51.02,51.05,50.92,50.94,1121,1372
01/05/2016,09:55,50.93,50.98,50.80,50.80,1425,1896
01/05/2016,10:00,50.81,50.87,50.75,50.80,2143,2352
01/05/2016,10:05,50.81,50.99,50.71,50.91,3479,3439
01/05/2016,10:10,50.90,51.01,50.88,50.92,1849,1809
01/05/2016,10:15,50.92,50.96,50.81,50.92,1858,1824
01/05/2016,10:20,50.92,50.94,50.83,50.85,771,967
01/05/2016,10:25,50.84,50.90,50.72,50.77,1690,2213
01/05/2016,10:30,50.78,50.80,50.66,50.72,2055,3204
01/05/2016,10:35,50.71,50.86,50.65,50.68,3047,2761
01/05/2016,10:40,50.69,50.79,50.63,50.71,2315,2313
01/05/2016,10:45,50.72,50.81,50.64,50.75,2215,2022
01/05/2016,10:50,50.75,50.97,50.71,50.92,3479,2232
01/05/2016,10:55,50.92,50.94,50.85,50.86,938,1404
01/05/2016,11:00,50.87,51.01,50.85,50.90,2054,1891
01/05/2016,11:05,50.90,51.04,50.87,50.97,2365,1465
01/05/2016,11:10,50.97,51.00,50.90,50.94,1029,1046
01/05/2016,11:15,50.95,50.95,50.75,50.79,1379,2098
01/05/2016,11:20,50.79,50.81,50.72,50.78,1173,866
01/05/2016,11:25,50.78,50.79,50.68,50.73,1123,1580
01/05/2016,11:30,50.74,50.87,50.72,50.77,1953,2113
01/05/2016,11:35,50.78,50.86,50.78,50.85,1561,1093
01/05/2016,11:40,50.86,50.88,50.78,50.84,1022,1013
01/05/2016,11:45,50.84,50.88,50.78,50.81,767,897
01/05/2016,11:50,50.80,50.90,50.73,50.87,1251,1200
01/05/2016,11:55,50.87,50.89,50.82,50.88,660,744
01/05/2016,12:00,50.88,50.90,50.79,50.80,562,798
01/05/2016,12:05,50.81,50.86,50.80,50.82,627,706
01/05/2016,12:10,50.82,50.86,50.79,50.82,649,574
01/05/2016,12:15,50.82,50.83,50.77,50.77,484,695
01/05/2016,12:20,50.77,50.79,50.72,50.79,865,879
01/05/2016,12:25,50.79,50.83,50.76,50.79,856,706
01/05/2016,12:30,50.78,50.81,50.74,50.78,586,674
01/05/2016,12:35,50.78,50.82,50.74,50.78,618,530
01/05/2016,12:40,50.78,50.82,50.77,50.79,373,312
